81 97
{0: [array([[ 233, 1080],
       [ 255, 1080],
       [ 255, 1227],
       [ 233, 1227]], dtype=int16), array([[ 230, 1080],
       [ 259, 1080],
       [ 259, 1198],
       [ 230, 1198]], dtype=int16), array([[ 260, 1080],
       [ 280, 1080],
       [ 280, 1226],
       [ 260, 1226]], dtype=int16), array([[ 228, 1080],
       [ 285, 1080],
       [ 285, 1138],
       [ 228, 1138]], dtype=int16), array([[ 250, 1010],
       [ 272, 1010],
       [ 272, 1040],
       [ 250, 1040]], dtype=int16), array([[ 227, 1011],
       [ 246, 1011],
       [ 246, 1038],
       [ 227, 1038]], dtype=int16), array([[248, 967],
       [299, 969],
       [299, 984],
       [248, 983]], dtype=int16), array([[ 260, 1080],
       [ 285, 1080],
       [ 285, 1196],
       [ 260, 1196]], dtype=int16), array([[ 236,  991],
       [ 293,  994],
       [ 292, 1009],
       [ 235, 1006]], dtype=int16), array([[232, 940],
       [297, 942],
       [297, 958],
       [232, 958]], dtype=int16)], 1: [], 2: [array([[380, 657],
       [460, 650],
       [470, 748],
       [390, 755]], dtype=int16), array([[341, 617],
       [418, 611],
       [422, 664],
       [346, 670]], dtype=int16), array([[322, 752],
       [371, 748],
       [376, 804],
       [327, 808]], dtype=int16), array([[261, 809],
       [315, 803],
       [321, 856],
       [267, 862]], dtype=int16), array([[244, 674],
       [302, 670],
       [309, 768],
       [251, 772]], dtype=int16), array([[188, 770],
       [226, 769],
       [228, 824],
       [190, 825]], dtype=int16), array([[386, 751],
       [428, 746],
       [434, 797],
       [392, 802]], dtype=int16), array([[318, 658],
       [373, 652],
       [385, 759],
       [330, 766]], dtype=int16), array([[185, 698],
       [239, 691],
       [249, 766],
       [195, 773]], dtype=int16), array([[378, 798],
       [408, 797],
       [410, 849],
       [380, 850]], dtype=int16), array([[432, 744],
       [475, 741],
       [478, 794],
       [435, 797]], dtype=int16), array([[424, 788],
       [475, 783],
       [482, 851],
       [431, 856]], dtype=int16), array([[258, 634],
       [339, 625],
       [345, 676],
       [264, 685]], dtype=int16), array([[275, 758],
       [320, 754],
       [325, 810],
       [280, 814]], dtype=int16), array([[481, 786],
       [513, 785],
       [515, 841],
       [483, 842]], dtype=int16), array([[333, 803],
       [374, 800],
       [378, 851],
       [337, 854]], dtype=int16), array([[229, 761],
       [274, 759],
       [277, 865],
       [232, 866]], dtype=int16), array([[494, 738],
       [510, 737],
       [512, 790],
       [496, 791]], dtype=int16)], 3: [array([[ 978,  422],
       [1054,  409],
       [1067,  487],
       [ 991,  500]], dtype=int16), array([[804, 451],
       [903, 436],
       [915, 511],
       [816, 526]], dtype=int16), array([[ 884,  461],
       [1011,  448],
       [1036,  724],
       [ 908,  732]], dtype=int16), array([[739, 464],
       [803, 452],
       [817, 525],
       [753, 537]], dtype=int16), array([[774, 653],
       [822, 651],
       [827, 757],
       [779, 759]], dtype=int16), array([[647, 474],
       [731, 462],
       [742, 538],
       [658, 550]], dtype=int16), array([[656, 531],
       [747, 521],
       [767, 749],
       [676, 757]], dtype=int16), array([[557, 627],
       [610, 626],
       [612, 735],
       [559, 736]], dtype=int16), array([[741, 655],
       [769, 655],
       [771, 753],
       [743, 753]], dtype=int16), array([[ 884,  440],
       [1011,  428],
       [1036,  684],
       [ 908,  697]], dtype=int16), array([[1007,  464],
       [1073,  463],
       [1080,  719],
       [1017,  725]], dtype=int16), array([[555, 732],
       [613, 728],
       [616, 780],
       [558, 784]], dtype=int16), array([[752, 511],
       [915, 495],
       [922, 739],
       [778, 745]], dtype=int16), array([[844, 766],
       [868, 764],
       [870, 793],
       [846, 795]], dtype=int16), array([[720, 761],
       [757, 758],
       [759, 782],
       [722, 784]], dtype=int16), array([[854, 747],
       [893, 744],
       [895, 770],
       [856, 773]], dtype=int16), array([[893, 744],
       [920, 741],
       [922, 768],
       [895, 770]], dtype=int16), array([[760, 757],
       [784, 755],
       [786, 780],
       [762, 782]], dtype=int16), array([[812, 750],
       [838, 749],
       [840, 774],
       [814, 775]], dtype=int16), array([[785, 755],
       [809, 753],
       [811, 777],
       [787, 779]], dtype=int16), array([[ 987,  776],
       [1012,  774],
       [1014,  799],
       [ 989,  801]], dtype=int16), array([[922, 743],
       [948, 741],
       [950, 766],
       [924, 768]], dtype=int16), array([[875, 767],
       [907, 763],
       [910, 787],
       [878, 791]], dtype=int16), array([[795, 772],
       [825, 768],
       [828, 794],
       [798, 799]], dtype=int16), array([[1014,  756],
       [1061,  752],
       [1063,  776],
       [1016,  780]], dtype=int16), array([[699, 761],
       [712, 761],
       [712, 786],
       [699, 786]], dtype=int16), array([[ 986,  735],
       [1012,  733],
       [1014,  779],
       [ 988,  780]], dtype=int16), array([[680, 763],
       [695, 762],
       [697, 786],
       [682, 787]], dtype=int16), array([[1015,  731],
       [1073,  731],
       [1073,  755],
       [1017,  757]], dtype=int16), array([[701, 781],
       [764, 777],
       [765, 819],
       [703, 821]], dtype=int16), array([[823, 750],
       [842, 749],
       [844, 794],
       [825, 796]], dtype=int16), array([[683, 800],
       [700, 799],
       [702, 824],
       [685, 825]], dtype=int16)], 4: [array([[ 99, 592],
       [144, 586],
       [151, 639],
       [106, 645]], dtype=int16), array([[ 42, 811],
       [146, 807],
       [149, 890],
       [ 45, 894]], dtype=int16), array([[ 63, 604],
       [100, 599],
       [106, 643],
       [ 69, 648]], dtype=int16), array([[ 46, 934],
       [135, 930],
       [137, 965],
       [ 48, 969]], dtype=int16)]}{0: ['GIM', 'DIEP', 'GIẺ', 'SNT', 'ẤY', 'SAM', 'CHUA', 'GIM', '76H1', 'NƯA LAEL'], 1: [], 2: ['CHỮA', 'Thung', 'TINH', 'LƯNG', 'BÁN', 'PHỤ', 'LAP', 'SỬA', 'MÃ', 'DA', 'TOP', 'ĐIỆN', 'Táng', 'MÁY', 'TH', 'BAO', 'ỐP KIỆN', 'V'], 3: ['RĂNG', 'CHUYÊN', 'BÚNG PHUNG', 'HÁM', 'PHỤ', 'PHÔNG', 'KHA BÁC', 'ÁNH', 'SỸ', 'KHOA BÚNG', 'HỒN TI', '100K', 'KHOA TRÁCH', 'GẤC', 'CƯƠNG', 'PƯƠNG', 'KHÀO', 'ĐÀU', 'Ghi ', 'THÙA', 'LAM', 'THOT', 'AIC', 'ÁHÁ', 'CALLA', 'tô', 'HÓI 2IÊN', '::', 'THÙA 41', '/NGƯỜI 1129', ' CẦM', 'DO'], 4: ['HÒNG', 'THOẠI', 'GIANH', '02790']}